1+1
4*5
9/3

a<-1
b<-2
